HJJdataset/JPEGImages/ia_100000006586.jpg 17,376,876,1013,0 45,916,1989,1104,1
HJJdataset/JPEGImages/ia_100000006571.jpg 244,237,637,499,0
HJJdataset/JPEGImages/ia_100000006501.jpg 69,168,326,305,0 1,258,133,412,2 220,263,414,322,2 72,263,151,314,2
HJJdataset/JPEGImages/ia_500001040.jpg 202,52,295,130,0 49,59,249,129,2
HJJdataset/JPEGImages/ia_500000006.jpg 96,26,265,126,0 5,113,271,179,1
HJJdataset/JPEGImages/ia_500000024.jpg 67,66,202,160,0 7,133,266,178,1
HJJdataset/JPEGImages/ia_500000001.jpg 67,56,206,122,0 99,102,132,129,2 171,101,205,127,2 136,100,159,124,2 5,101,273,180,1
HJJdataset/JPEGImages/ia_100000006522.jpg 4,151,287,312,0 72,262,130,311,2 9,323,632,469,1
HJJdataset/JPEGImages/ia_100000006499.jpg 9,134,287,433,0
HJJdataset/JPEGImages/ia_100000006516.jpg 119,116,236,178,0 4,162,316,208,1
HJJdataset/JPEGImages/ia_100000006596.jpg 689,191,1017,485,0
HJJdataset/JPEGImages/ia_100000006484.jpg 220,284,589,513,0 35,365,374,564,2
HJJdataset/JPEGImages/ia_500000015.jpg 60,67,216,157,0 5,131,252,187,1
HJJdataset/JPEGImages/ia_100000006555.jpg 177,410,769,602,0 21,601,995,670,1
HJJdataset/JPEGImages/ia_100000006477.jpg 234,223,523,391,0 8,314,149,457,0
HJJdataset/JPEGImages/ia_500000014.jpg 6,48,139,131,0 1,107,273,180,1 211,97,248,134,2
HJJdataset/JPEGImages/ia_500000025.jpg 25,113,143,247,0 8,181,165,297,1
HJJdataset/JPEGImages/ia_100000006535.jpg 59,132,179,203,0 193,124,292,196,0 11,213,492,480,1
HJJdataset/JPEGImages/ia_500000007.jpg 86,74,212,192,0 6,180,212,228,1
HJJdataset/JPEGImages/ia_500000012.jpg 43,49,242,161,0 162,125,196,151,2
HJJdataset/JPEGImages/ia_500001045.jpg 46,133,145,193,0 7,176,190,254,1
HJJdataset/JPEGImages/ia_500001048.jpg 57,53,265,178,0 60,140,98,179,2 165,128,242,178,2 112,139,153,174,2
HJJdataset/JPEGImages/ia_500001042.jpg 2,56,109,153,0 6,126,288,164,1
HJJdataset/JPEGImages/ia_500000023.jpg 70,75,195,155,0 5,134,268,178,1
HJJdataset/JPEGImages/ia_100000006582.jpg 102,130,445,319,0 5,314,592,444,0
HJJdataset/JPEGImages/ia_500000003.jpg 23,54,173,141,0 2,129,263,184,1
HJJdataset/JPEGImages/ia_100000006486.jpg 283,277,433,339,2 422,265,464,297,2 108,143,567,329,0
HJJdataset/JPEGImages/ia_500001029.jpg 71,55,221,131,0 63,100,114,143,2 5,108,251,189,1
HJJdataset/JPEGImages/ia_500000022.jpg 17,78,150,172,0 8,158,187,254,1
HJJdataset/JPEGImages/ia_500000009.jpg 35,56,220,152,0 63,99,114,157,2 3,128,270,183,1
HJJdataset/JPEGImages/ia_500000011.jpg 80,72,199,141,0 5,131,254,188,1
HJJdataset/JPEGImages/ia_500001026.jpg 31,57,200,154,0 1,124,256,191,1
HJJdataset/JPEGImages/ia_500001043.jpg 32,44,205,146,0 195,75,279,127,0 6,112,283,173,1
HJJdataset/JPEGImages/ia_500001025.jpg 59,9,203,104,0 12,77,95,112,2 5,94,268,168,1
HJJdataset/JPEGImages/ia_500000013.jpg 109,56,225,134,0 5,132,291,163,1
HJJdataset/JPEGImages/ia_500001032.jpg 89,24,249,160,0
HJJdataset/JPEGImages/ia_500001030.jpg 21,31,256,154,0 3,108,267,180,1
HJJdataset/JPEGImages/ia_100000006491.jpg 200,168,480,339,0
HJJdataset/JPEGImages/ia_100000006558.jpg 250,145,418,251,0 13,232,685,517,1
HJJdataset/JPEGImages/ia_100000006556.jpg 618,326,906,470,0 15,378,379,573,2 10,467,1049,739,1
HJJdataset/JPEGImages/ia_100000006541.jpg 8,111,80,214,0 158,143,314,216,0 3,184,75,233,2 8,212,487,363,1
HJJdataset/JPEGImages/ia_100000006577.jpg 120,135,330,239,0 6,214,479,356,1
HJJdataset/JPEGImages/ia_500001041.jpg 66,68,170,127,0 5,113,258,190,1
HJJdataset/JPEGImages/ia_500000000.jpg 67,59,222,136,0 3,131,272,178,1
