004342
004684
004915
001601
009475
009673
003878
008675
004820
006232
008286
009639
002930
005205
007440
003101
004787
001114
004048
005665
001347
006779
009590
005341
004522
004887
004726
008431
007907
005721
002080
002771
004505
007199
003187
006155
000809
000015
009722
005164
000389
002673
000240
002426
006601
009376
005950
009561
005132
000292
002655
006785
007405
000018
004127
008500
004858
005855
000614
005711
001568
005560
004147
008167
009574
001379
000743
005280
007487
005580
008591
005532
003542
007582
005977
004070
009766
007066
009569
004119
005675
008563
000006
004088
004996
001535
006586
006650
001859
002349
008887
006851
008648
002298
001437
006086
005119
006168
004462
003823
005659
001658
007301
002106
005994
009951
006997
006712
007306
002661
007651
006298
006167
001698
003037
005249
009690
008977
004385
008894
002951
009740
007635
000253
004964
008724
007887
008417
001996
009071
008273
001965
003574
003531
009102
001244
003257
003305
005287
006310
009183
004899
005098
008643
003514
003851
008460
009248
003289
002894
003043
005808
008820
004410
001503
000442
001584
005516
002719
009683
007929
000715
006680
007136
001246
007091
002309
001880
007918
004949
006021
005683
004833
002528
000172
008340
001856
002686
003319
001919
006378
008715
004316
003643
007233
006998
008946
000238
003067
006451
006217
002907
001139
002130
000001
008507
004261
003479
002968
002144
004428
006253
000168
003583
000345
008964
006926
001022
008373
008916
008696
004781
001031
002874
008631
009803
001908
003718
007472
003839
003113
002031
006068
001644
007061
006717
002127
007875
005572
003114
006420
006059
003540
005925
005133
004521
009090
000333
002198
000744
002981
000651
004218
005174
008146
006516
007034
003707
005667
006313
007188
005733
004225
004266
003523
007335
008249
008052
004874
005612
009930
009344
001803
004534
000798
006242
009390
006526
004586
007175
001469
006558
006213
001117
005595
005009
000025
004383
008382
004774
009909
000368
008006
006793
007076
005426
001376
009925
002628
000479
008802
003246
000457
000385
007240
006092
003230
003345
009849
004523
001118
008545
004109
004128
007978
005335
001051
009473
006716
008366
003571
008109
003545
004568
006426
000861
005237
009265
004319
003275
008371
005095
004311
000681
000097
009514
001471
002629
008993
002550
005673
002726
006076
003591
007143
002331
007930
000560
007581
006099
004733
001983
008897
005250
002252
008565
004063
005775
001731
001435
001776
009383
006370
004418
006478
004155
001762
006923
009478
000578
001916
002642
001103
004160
002743
005792
007948
002294
007602
009021
007380
004680
006720
008123
001275
000844
009207
007972
003448
002402
008579
007529
006742
002399
008619
007542
007782
002338
003084
004027
007985
001606
002325
004957
007891
002386
007309
002072
007652
000981
007345
009727
008194
009652
000136
006967
008700
002887
002079
007807
005937
002123
006039
000790
005604
006077
001283
006770
008361
005480
007703
008945
002890
001705
001624
004290
004979
002568
009804
006085
005746
000206
006283
009606
003095
007669
006017
004320
003822
005921
007051
008846
003502
009008
002077
007352
008110
008414
007202
004053
008908
007734
007514
006778
004435
004908
005943
000795
002137
002110
008795
007580
005447
005666
008583
007501
005411
003457
002486
000022
004041
009346
008532
008547
002652
002230
006469
008782
009871
006857
009352
008334
002822
003036
008073
001280
002809
000629
002892
002581
009890
001583
003742
002824
006877
001921
003151
005842
000247
001303
001363
004249
005294
008473
006126
004665
007303
007562
006315
008124
007620
008605
000137
001410
006834
008242
006479
001040
008800
001085
009688
000511
006846
008400
006485
001852
009782
006729
003201
004416
008078
009379
005833
001318
007936
004853
000390
002671
003235
006590
001635
003409
003156
005112
002813
002911
008712
000217
002421
008818
006711
001720
002758
008126
004226
003366
008436
000084
007882
003109
003746
001454
001679
001824
009044
002351
003174
008673
002828
000183
000375
000274
007069
004177
007960
008288
002416
005347
000732
002748
006672
005154
006528
008065
003903
008882
005941
009033
007403
009931
005415
009096
003446
009530
003613
008778
002575
009425
009062
001399
007942
000290
008694
005241
006015
003153
002521
002806
009769
007757
007610
004724
002660
006928
004775
004870
007333
009493
005759
009292
001969
008554
007829
008404
009088
009889
003447
009261
009622
004166
008331
000327
004406
003731
004861
001697
004235
007060
009240
003832
009404
004709
003977
008952
009217
001704
006624
007726
000778
007024
009381
006871
004260
006226
000697
007957
007599
003950
009824
007032
006386
000955
004071
008881
005075
000152
007198
004288
000824
007218
003251
000856
007658
001048
003030
009070
004198
005962
000353
003842
004021
004771
007157
009436
008071
000100
000413
004373
005425
001173
006872
008243
002872
007994
001674
005553
007407
004900
005722
007593
007340
003584
007262
007520
008034
002588
000567
005935
003922
009899
008785
000938
001197
003896
009696
000324
009525
003610
009838
006662
007391
004156
008684
009172
004267
008681
002650
002105
000279
009140
005632
005661
005886
007903
007531
005252
000576
008014
007587
008152
005727
005622
009701
009806
007846
002050
004451
002904
001403
009204
004427
003075
008623
004184
006741
000014
003096
002075
001141
003795
008786
000884
001745
004080
007591
004637
001578
000698
006579
007044
004363
008714
003166
005286
007539
004731
006905
000866
006946
009885
000668
005167
008792
008963
008333
009441
001596
007357
004745
009154
004804
004759
000641
006052
003033
000002
008907
006754
001198
006992
000067
004971
000116
003232
003573
009134
003432
008395
003633
000378
009850
007962
003815
009050
003617
006870
004211
004721
009328
001178
001359
008508
002154
001080
004807
000356
008551
000426
008807
008758
008510
005221
009866
001462
004214
009535
003677
004778
009009
001949
001189
007589
003494
005021
004531
006544
008148
007792
007316
004473
008767
003900
001687
002409
009237
002974
006273
001054
004234
001218
006302
008893
002231
000624
005804
006160
005929
005751
001692
005678
008844
000414
002716
004157
003190
002885
002591
000471
007584
007625
008056
008136
008459
009694
005847
008959
006915
009846
000875
005505
002764
002205
009725
003268
007564
005105
002040
006977
002326
001353
007492
004937
003481
004547
002876
007053
003650
009941
008195
005444
004161
009844
003173
008956
000727
000846
006985
008489
009672
004032
000569
002825
006053
003018
000901
005458
005545
009812
000230
004208
001634
000724
009960
003544
003666
001626
008949
008950
003460
005282
004642
008855
004536
004921
008298
004116
009495
000284
005558
001666
007516
004845
004402
006288
004285
004501
003559
000618
001076
001527
000527
007770
006954
005091
003485
004179
006960
000115
001728
000606
005235
001131
005513
003104
004337
005218
000267
000858
004575
003787
003141
007613
007638
006763
008128
000562
003132
008350
003914
001146
008165
004678
008476
005533
001235
001939
000517
001358
001602
005476
005832
005594
004765
009225
001811
005957
007248
009594
007993
009423
000706
005422
003483
006895
001220
002739
009677
007170
002982
008597
006496
005008
004277
002360
009875
001134
006265
007552
003762
005213
008271
009757
006669
009262
003829
008237
005926
009927
007922
006787
005005
005548
003467
003804
007825
008187
007783
001609
001955
001974
009907
005916
003287
003552
004079
002644
003716
000330
003535
009164
002173
004072
000504
005462
001742
001007
006204
000678
005092
004182
009854
003894
009765
001794
007737
008555
008303
007235
001961
003388
004061
000539
005333
000986
001217
006401
004894
001153
004442
004183
001155
008451
002708
005228
005882
004599
001264
001419
002860
000600
000751
009648
003734
001425
004740
007710
002008
008797
003378
003212
008354
009752
004901
007254
009353
005627
003314
006477
007560
002509
001967
003513
000940
009501
009631
007941
007106
003697
002398
006403
009304
001665
004616
009084
001276
003168
000085
008455
005261
007228
008781
007992
006607
005708
002851
004751
003920
007495
005972
004330
004313
006116
008343
004952
002552
008304
008238
000925
003831
001600
005035
004038
007459
002694
000536
008055
002556
009547
002177
003764
003712
004769
001885
006818
006964
004725
002017
001422
007485
003431
003504
002422
005865
001826
006809
006384
002463
008570
004541
003680
003600
005166
003423
008162
005944
000735
003624
002232
000557
001994
007156
009219
002871
001519
008143
005477
006024
003904
003710
001448
003252
008652
006816
005537
008054
000960
006354
009635
001924
004906
002503
001088
005353
000254
002837
001560
003761
004728
001372
003217
006137
005046
005900
007512
002299
003179
001552
005247
000570
006941
008025
009827
002164
008736
006093
001223
006114
004696
006756
009077
002626
002623
007364
005997
002541
000658
009363
004045
006614
001865
004598
003619
001871
008896
003111
003738
005464
005967
000602
006110
001767
002526
004930
008661
000781
001320
004795
008866
007627
004118
000079
008863
006031
002211
003968
001719
009462
007617
007426
007759
003964
007313
000817
000910
006257
001589
009300
002275
005472
008996
000437
006514
002850
008183
002339
008080
001925
007549
003833
007196
006554
005198
007725
003501
000105
008030
009963
009903
007870
007785
008875
006653
009231
005010
007242
008763
002535
004049
009013
001566
005313
005712
001513
008172
007471
005677
006467
008726
000766
008375
004454
009948
009592
009489
007850
000718
001957
004350
009643
001619
008613
006331
001886
002674
003598
000914
003520
003080
009158
006132
003955
003334
006752
005460
006064
003304
006630
000216
009137
000927
006457
002602
003693
001162
005030
008428
007604
002297
008214
004497
005196
000725
004567
008488
009345
006969
004965
000418
007226
005204
003854
008828
001025
006973
001857
002973
001438
008632
002971
001502
008658
001336
009152
006693
008000
001038
009146
001232
001295
007286
009924
008603
007220
002972
008219
000315
005748
008737
002005
007404
003197
006147
006239
001034
005543
006540
000909
004729
006807
004068
003371
004880
006592
009444
004299
004104
006192
001681
002254
009235
004756
004422
004543
008575
004297
007342
001452
004050
002286
006461
009536
005820
008821
001105
006441
006795
001489
004695
006750
006271
004144
004054
008682
006036
008651
009929
000907
007420
008544
002093
002964
000080
008264
005070
007293
003399
000611
000957
002203
002630
007328
004086
000538
008649
007463
000179
001751
008155
002651
004004
000106
004444
004633
007851
002840
009861
002424
006121
000642
002531
007896
006122
000646
007894
007808
003385
009522
000360
001035
008234
001694
008274
008697
005354
001581
005188
006356
004381
004408
002073
004619
002700
002264
002926
006040
001663
002852
000057
007055
006728
006957
000998
003332
007739
002206
005491
001065
002929
002044
003819
001639
007750
005234
007000
000096
002752
005739
009056
009513
003503
000976
008868
008735
008358
009506
001227
005987
004621
001538
007684
000674
004942
002830
005187
003131
006169
009788
001087
002761
001301
004447
006615
006431
009795
000004
000572
004114
004919
005876
000558
008113
003220
002753
000365
005163
007917
000264
005446
000994
000037
003081
007595
005364
006051
004240
005650
007367
007377
005289
007955
000205
008922
003087
008842
006566
008016
003160
006034
008540
001695
007871
000533
005797
004344
004511
009883
007037
007409
003427
004855
005401
001820
001122
003115
006197
005493
009556
009226
005598
005459
002438
007674
009030
007098
008594
000745
007981
009956
000445
003375
006452
009092
000978
003689
001245
005158
001798
005302
004125
000853
003400
004780
002672
006504
004690
005226
005474
009400
004399
006493
009256
004538
002488
009895
000775
005973
007257
008762
003405
008421
002908
001712
004639
008464
008157
003215
006843
008803
006937
000135
004081
006863
008035
005707
009768
006559
008153
006902
007238
006743
009744
006423
005932
004645
009873
003474
000326
004476
003538
004407
005966
009498
002048
000265
006873
008889
006508
003306
000252
002790
000942
009888
007778
005265
008516
008850
005801
001459
000384
002029
002133
007636
004603
004340
003328
007577
009305
006446
006127
006372
003198
007822
002242
001893
007151
005452
000478
008039
002430
005296
008548
007441
001505
004969
004074
006365
001701
008192
004614
001956
006535
005706
006700
002429
003812
000277
000364
005233
004923
009074
008010
002909
008679
004945
006675
006545
000956
001476
001905
006898
007949
009276
003862
005857
000013
009835
000813
008352
007701
007990
003959
004847
004766
002597
007730
004030
008411
004557
006231
009188
005482
008899
009474
007005
000769
007063
002380
004914
009539
007728
007081
007317
001086
003302
001456
002665
004752
009149
000074
003324
008629
006906
008007
004426
006853
008528
008469
007689
002204
001020
003741
001037
003512
005534
001743
000762
009610
000553
005468
003070
003592
003323
003757
005449
009837
008435
000932
001030
002877
006634
008090
000421
006094
001329
003816
000148
002507
001668
008045
004489
001256
009511
000361
001046
002792
009624
004188
001021
009298
008066
005633
009026
005869
006651
006577
000922
005927
009928
000056
006481
008552
008185
003676
009723
009107
004572
000191
007628
009570
005540
005924
003985
004889
006505
001867
002631
002882
007281
006500
005299
005907
007291
005502
009820
002464
003782
001195
005113
000783
004175
004250
007755
006439
000502
002587
006022
002085
003411
001792
009578
009510
008291
000040
001542
004827
003769
000273
007321
004888
008589
007158
004881
008569
008383
005019
008276
006195
008941
005279
008145
000487
000979
005800
006266
007310
003562
001991
001398
004989
001213
000696
001049
006154
008693
004403
004065
001736
009814
004533
002888
007366
008182
000636
001123
009505
006521
002638
006745
002149
005115
008947
004099
001979
005529
001716
003172
008353
009284
004608
001959
001019
009891
007881
005040
009428
001748
003881
005953
009014
006942
005127
004176
002274
007116
009280
001094
007995
001278
007246
006705
006927
009025
004610
002240
000314
004024
000449
005565
007839
003139
002028
001373
004314
007014
009083
001770
002832
009081
000465
002489
002453
004425
002009
004491
005206
000458
002681
007789
009415
004000
007788
006641
004083
009716
002996
004763
008081
009210
003490
002381
004657
009452
002614
006102
007287
000704
000495
003683
000204
009856
000071
006303
003050
004640
003167
007867
005126
003317
005022
009934
002733
006676
007661
009023
006925
005602
006979
004078
008201
006623
007852
003020
000440
006613
009593
000423
007221
005142
009067
002538
006790
005484
000883
009399
003976
005902
009054
009876
001549
002551
008021
006986
006856
001912
004545
003006
001796
004844
009076
001196
002731
008479
007164
008325
006081
002979
005463
001808
007982
009632
004730
007717
001411
003341
007849
009169
007983
003310
004151
002353
001169
007830
005041
005066
000819
005643
005225
008018
001823
002295
000881
007574
006522
008779
000507
006207
004332
001424
007206
007858
005322
003357
009369
000974
007171
000969
006090
002229
005277
005649
006820
006951
007252
009057
009893
002365
006083
007616
005898
003653
008791
000432
001709
000916
004412
004378
000075
007412
001415
002053
007400
007423
001090
004377
009380
004317
006308
008058
002167
004666
004217
003340
001737
004940
002961
001070
006080
009135
001013
001058
008240
009910
005955
008685
005490
005180
009220
004238
006955
007938
008788
001507
002787
002033
001128
006511
003777
001296
001340
005931
005607
007444
000734
008308
008290
009340
006050
002336
004716
009589
000789
009293
002950
003951
009555
007307
004577
002499
008852
009170
006037
002003
009817
007747
005503
008161
007708
007239
005506
002388
005642
002100
009548
004180
004980
008924
007418
008347
004506
003224
007643
009538
008419
009642
009274
003019
005551
001804
008657
003438
002319
000655
001242
007395
000691
009031
009211
000566
005118
001868
003346
001392
004268
004564
000666
001587
004590
008560
009233
005834
000434
006975
009708
007282
009602
006287
002955
004485
001863
003206
005152
000603
007686
000983
005525
004414
005232
003227
001625
007473
009435
005546
005103
008630
004415
001850
009103
007496
006397
000149
002936
002121
004472
006082
007690
000351
001135
007973
002918
001831
008937
003972
005555
007043
005809
000988
008256
004469
009760
008704
004546
009572
004460
008432
001786
003353
000357
005556
008408
006882
005965
007251
009901
005883
002358
006228
006780
007860
006510
008561
005043
003182
003171
001744
003315
000893
004875
001947
007567
003892
009552
000045
007277
009442
002118
006054
006316
004139
006533
005720
005329
008954
004704
002246
009853
008743
006343
001613
000114
004802
002269
008668
000103
004461
008912
008915
000529
006594
008102
008870
005308
008664
002862
005059
002863
003326
000643
008600
002703
003630
000145
008270
004736
001703
002789
004703
005271
002573
009682
002038
002527
004981
008824
000928
003776
001570
004638
002898
003858
007183
006604
006112
006644
004909
008283
006774
009111
000108
003590
007397
002175
005211
006640
009314
004975
006415
008074
000593
002656
008729
002131
003264
005015
004944
007744
006032
001735
009449
008566
002921
009625
003581
006359
005567
005050
006737
003073
007827
003875
006649
007764
005409
009372
003029
000737
002447
001929
005012
007402
008447
005479
000623
009310
008233
007434
006659
003533
000090
005744
004602
008662
009142
008640
003026
008133
002122
007771
003454
004334
009564
006490
002740
000490
007145
008659
008077
001473
009065
006307
005688
000422
009426
005617
004022
000295
001177
005184
006823
007608
005083
005793
001261
004810
000239
008504
006685
001271
001089
000128
005109
003967
000231
007583
000139
009364
007761
009786
004582
004306
008625
000683
007176
009633
005251
002159
000068
005375
007429
000185
000447
006701
005400
002895
001715
001478
001838
003059
004056
009165
008246
000157
009275
007906
005528
001585
000466
003322
007641
002823
008981
002902
000167
008149
001132
003755
004573
009095
003527
002849
002222
009937
000362
001569
009715
008104
007290
000062
000399
007347
009640
003723
005356
005172
003880
009936
003329
005017
004892
002446
008827
009321
008672
000342
002729
008362
004503
004734
000546
003933
004838
008935
000708
008491
003733
005922
007118
006324
001099
004877
003799
004400
002084
008059
003616
000094
004206
009122
006817
008864
008851
006471
007844
007817
000436
000765
001440
002071
002580
001157
001646
004809
004843
004569
009171
004920
007975
002925
005844
001307
000836
009046
002115
004988
002195
003724
008003
007355
000398
004207
009120
004276
008178
003568
008825
000473
002900
009110
006464
006517
007013
005096
005628
005038
008830
006379
002138
003843
000199
006541
002474
008705
000551
000293
001573
002923
001023
009403
002617
001120
006563
002258
005402
003982
008904
007124
002619
003193
003958
005616
003278
003532
002495
002811
009759
005771
008402
006746
001115
002510
006008
000195
001282
009720
008305
007371
005837
007945
001839
007337
006075
003286
009509
009313
002997
003055
003143
003940
000723
003570
004525
008380
008578
008754
009906
006405
007173
006358
006984
007120
007382
009028
005589
001616
007557
005904
009784
003312
001342
007450
003801
004791
000335
009626
006292
001458
003909
000181
006246
005725
002147
002515
008344
009553
005435
002473
009043
002756
001706
007818
002843
003480
007360
005170
008407
002861
006744
003473
003052
004658
006003
001506
009791
004236
003041
004713
008609
009793
004624
000452
005456
007774
002698
003471
004401
003342
007695
003870
004252
005301
003836
008480
009492
006327
002455
000493
002103
006106
005835
000870
007504
002985
009582
006407
007379
005974
003472
006616
009430
001357
002304
006410
008845
005498
004711
008027
008902
001671
007952
004865
000575
000358
006227
007207
005193
006072
003440
000837
002089
004478
002980
009599
009799
004213
001447
002007
004044
004764
004993
009156
001417
009628
001482
002322
002945
004062
000807
000568
000825
007047
008154
002839
001095
000451
001990
002736
009124
009222
003561
004098
005087
000662
001846
004593
004328
006537
004243
006642
003572
009665
002313
001629
009922
002168
001998
000673
005709
009612
009601
001879
003136
008041
002639
009916
001394
003309
004917
000833
008703
001913
000864
006342
005255
008266
003249
003715
006002
003929
006513
003123
003526
001550
001431
008289
003434
004289
001660
009467
003352
003768
004222
003381
006861
004353
006557
009915
001702
008487
000587
003297
008903
009182
006328
001822
001790
008678
000397
000634
005982
003999
006178
007556
001317
003478
009132
005216
000126
004357
002805
009118
003578
002711
006970
000297
004126
008120
006211
000574
005870
009731
009662
003745
007832
000456
008938
009130
002516
009082
008990
003789
003048
007312
007646
009234
008210
002312
004301
007507
006831
008047
008420
001558
003975
000401
005366
009201
008614
008097
009139
008761
006527
001547
003882
007880
003001
004134
001883
007554
008860
000757
000801
008265
006194
004664
005934
007811
000271
006498
000151
002092
006792
004697
001344
001302
004712
000652
008118
007648
002576
006205
004817
002949
004821
002113
009739
009294
007142
004248
009125
000640
006332
007573
006007
005330
003099
006913
002560
003060
006274
008418
002562
007135
002097
001657
007160
000186
007456
009529
004589
007598
005858
008367
001764
005969
008396
005034
008278
008707
000467
001165
001412
001973
003888
001753
007401
000556
008228
002188
009554
009203
008777
006048
002948
006796
000124
005562
001006
004762
004941
009017
000425
005827
006993
007893
008580
002283
006571
003686
007232
003765
003263
000924
000534
000638
003234
006788
008622
002161
001516
000055
000485
008392
001005
006713
001605
006255
005978
008834
005025
000409
000644
007181
005321
009451
001496
000595
007522
004700
000003
004480
008646
006982
006006
005501
001710
005013
005120
000261
006710
002157
001760
007879
006406
001968
004556
008669
000383
009335
000155
006244
004661
004504
001700
005240
002383
003283
006193
000992
002216
001942
006539
003943
000444
001779
007951
000201
009040
003442
002707
006830
002041
007632
005155
002356
008196
001253
002612
006999
008857
001993
006157
004336
002314
005148
007787
001356
001328
004681
009826
006938
007269
006758
002296
005946
005137
004813
001495
004583
007500
000313
000639
007766
001243
003661
003035
004835
004669
003952
000197
003488
002346
005646
009055
003208
002557
005689
005872
009216
008357
004561
004167
001133
009847
005011
004278
003372
009302
002802
003125
005758
000178
007494
000759
008869
004112
006345
002819
000621
007096
000664
006435
003652
000811
002013
002059
004970
006791
009115
005936
001500
001081
009061
003402
009503
003989
003298
007816
003553
004860
000339
004101
000283
002227
004123
001487
003687
006767
007630
002831
009657
003049
000088
007509
002920
002141
007012
006531
007660
007700
002162
004115
008114
009544
000990
001429
007464
009447
004758
001355
003930
004738
009798
005807
002705
007741
007083
000497
003012
007339
003702
008656
009320
005362
002522
008377
007057
005887
009829
002431
009779
004382
005069
006109
008898
005428
001291
001805
001873
005332
000594
003144
009329
004348
003238
009396
008441
004394
001656
005816
003557
008267
006757
008671
006186
003672
002679
002428
006608
000985
004492
005798
003016
003893
001667
005359
004431
004173
003601
000226
005392
008158
005157
004064
008363
008198
008255
004698
000371
004199
009416
001621
008626
001446
002742
009093
005317
009485
003873
005810
000316
002217
002928
001126
007320
001391
001367
002592
000472
000975
004162
006567
004851
004580
002498
005044
000571
005999
008660
003563
005266
005538
002685
002701
006454
007099
000894
005621
008918
005596
008590
007802
006555
003778
007966
002601
006373
001351
009075
005300
003665
004767
004419
007319
002412
006961
006920
005372
005691
003579
002357
000785
004513
001477
008405
001648
005913
005088
004615
006380
001525
009223
000111
001331
008877
003014
001039
006815
007548
004172
006138
003852
001228
000749
006489
007115
001895
007237
001047
007977
005717
001321
005557
005376
002814
002608
003981
000716
009322
005619
009332
003393
009356
007453
008394
002688
003908
000011
003475
004202
004187
004811
009680
001188
003068
005162
009198
006732
004181
005100
004040
007837
005117
002018
001262
001285
000659
001551
008593
004029
008538
001917
007719
002395
004477
009674
005734
007111
003265
003245
000392
008493
002010
004670
005357
003128
009821
001890
003775
006057
001179
003668
001252
003737
001884
001300
005690
006691
007738
001208
008829
000773
002788
004862
003358
006633
003515
007326
008369
005656
005099
000366
006832
008401
000617
002728
000369
004042
008787
006894
002236
008379
007756
002846
001900
002469
001098
008543
006115
001910
008378
004449
008537
006294
009818
004420
005125
001783
002607
003276
001255
005663
000779
007733
009471
001891
007119
009266
002060
005316
000631
006980
005309
003925
005778
002484
002927
005403
006574
006408
007354
005578
002457
005694
002363
000237
009097
001975
009384
002993
007862
002210
000455
007988
002185
005570
000869
000913
005053
009864
008259
005442
007967
004663
003850
002189
006164
005949
004688
000944
000963
001599
004784
004924
002622
006145
003916
008974
005892
000058
007155
007017
004309
007190
002081
009953
003867
004124
002035
002200
002553
007231
009771
003383
007969
007161
004355
000747
007001
002225
001306
001044
000144
009190
007714
009697
005488
008050
001652
002865
002327
007225
006394
008481
003647
000402
002780
009775
004629
000512
004933
007502
009361
009119
000475
001835
009069
003225
004620
009206
005597
004443
000607
002768
000376
002032
007112
007986
000703
004153
009391
000941
009317
000930
004659
005147
008011
003192
005151
004864
007442
004018
001641
000897
001574
005787
007752
009003
009742
005587
006936
007800
005089
007272
003237
009802
007103
001530
005763
005915
008215
005945
002394
008539
006589
001181
005381
005767
004001
009267
004366
004159
005698
002065
002317
005670
005523
003025
007895
003091
000561
002396
000300
001297
002451
009486
002078
002770
008088
000665
001672
005848
002905
006393
006060
009857
001163
000393
000182
008321
004483
004934
008389
005634
003917
009730
007801
007255
000852
000053
007253
008740
003364
006996
008337
008038
001322
007515
005201
001369
006974
000028
005243
000481
003582
001520
001572
007349
005692
004393
008853
007067
000388
009483
000441
008957
006152
000741
006801
007362
000410
006881
000291
008765
006049
006525
002777
003626
000952
007203
001000
001984
006416
001180
008992
009229
009563
007028
008231
005986
006978
008925
001829
009912
004668
003813
003897
004922
003931
001637
002857
008287
004094
003560
006047
004554
000098
009297
004097
003701
001844
008531
005823
007848
001866
000722
001876
004744
002903
001474
000521
001138
004006
003288
009660
009783
005770
001562
008179
003321
005382
007645
006413
003495
000788
009385
007415
002604
007126
002400
000953
008708
006723
005795
009952
003507
008734
008119
006322
008399
000886
005494
004854
008674
007722
004927
007823
004096
003361
009704
002379
002282
002485
007706
009843
009607
006885
003569
008131
002207
003802
004822
009012
001401
009101
000377
002853
005149
001257
006389
006142
004559
006399
000054
006361
002582
005342
000510
004516
003281
008861
003158
006568
002235
004800
008028
007888
003800
006904
005272
007989
002818
006453
001193
008217
007623
006683
005671
004308
002449
006891
009395
005880
002878
001943
007553
002750
008577
004641
007179
008245
008339
004617
004578
009052
002408
001819
001433
009038
000532
002583
006879
000258
008129
000260
008627
006901
009427
000281
005785
002856
006721
003180
001033
004739
005197
008689
000792
005890
005933
007469
004486
005610
007711
009402
007861
001055
001615
008525
009815
009933
007348
005492
007874
002148
008774
007561
001575
000604
003241
003641
009651
001645
006561
009257
005862
003543
002087
002616
004294
004245
006280
006014
003347
004362
001339
005942
009736
005399
003062
009534
005891
000248
003728
000453
008501
006165
005060
000086
006317
006598
004107
007693
000160
005051
000176
009366
005275
008711
008440
009143
008406
007607
007541
004216
006388
008998
002046
007532
009675
001366
002746
